0.177954
0.335828
0.294985
0.340485
0.226386
0.265616
0.235379
0.180796
0.314046
0.22501
0.341548
0.280604
0.237485
0.234157
0.267453
0.281236
0.242637
0.235379
0.226453
0.323587
0.19094
0.181463
0.209348
0.31654
0.341759
0.227449
0.190163
0.305723
0.207592
0.322952
0.19469
0.291964
0.262079
0.242202
0.244618
0.218039
0.186164
0.313653
0.33007
0.207224
0.19189
0.318679
0.270664
0.214747
0.284913
0.245996
0.206813
0.196933
0.31363
0.177062
0.268703
0.24195
0.29054
0.257239
0.282419
0.235816
0.313091
0.20184
0.225583
0.309356
0.291489
0.23562
0.260433
0.329584
0.178932
0.204646
0.292852
0.248154
0.268349
0.236841
0.270896
0.291763
0.235379
0.167617
0.216497
0.12908
0.21348
0.340883
0.306416
0.242609
0.1614
0.205165
0.245381
0.171121
0.52428
0.252776
0.236357
0.198526
0.295916
0.316629
0.28382
0.263973
0.351143
0.257371
0.139611
0.25261
0.267453
0.256478
0.286585
0.219814
0.312771
0.325472
0.222036
0.260377
0.226549
0.172303
0.250937
0.294164
0.34071
0.270819
0.342599
0.224607
0.260504
0.240208
0.245023
0.182579
0.215537
0.269477
0.276827
0.200325
0.294999
0.297009
0.265806
0.17785
0.2539
0.209555
0.268349
0.276827
0.276945
0.210572
0.253055
0.245319
0.243686
0.245361
0.255355
0.273072
0.223694
0.286413
0.247877
0.231
0.283424
0.129111
0.270585
0.235379
0.291894
0.314433
0.313781
0.217987
0.238221
0.333272
0.184115
0.31757
0.431792
0.294515
0.219819
0.215229
0.289123
0.171937
0.288343
0.225151
0.364296
0.244357
0.254026
0.27503
0.201859
0.238496
0.261363
0.311289
0.22964
0.28637
0.28493
0.332589
0.246139
0.294661
0.283424
0.250178
0.188704
0.255623
0.28366
0.204715
0.310824
0.215092
0.174326
0.202147
0.217929
0.249099
0.281148
0.243431
0.313653
0.263606
0.237376
0.172809
0.268349
0.44513
0.156544
0.185247
0.181567
0.266922
0.260356
0.231042
